eg-R9tnEXso
eg-R9tnEXso
eg-R9tnEXso
qQwuqk9cHWY
zsqwvfK8t1I
Gn2VmG45OiE
eqisdFXfRyw
WMl6yZceHrs
s2dLgTHG4GM
jjaG68fI7Vw
jjaG68fI7Vw
jjaG68fI7Vw
zsqwvfK8t1I
2QSSRupjYG0
jmNF01AXI1I
PhQNkKCZbL4
PhQNkKCZbL4
PhQNkKCZbL4
lhCuTQP6Ay8
svzY0p27Ugc
T_1dRce2aSI
UMYsMnVbc58
LHc4Ge_HZLc
rcTtIZjZUBQ
ZUwtQ85ou1w
b__xX3yaCOs
mnah3tn1wJ4
g8LR3Sun2g0
g8LR3Sun2g0
g8LR3Sun2g0
g8LR3Sun2g0
qQ3roIzOgbE&t
qQ3roIzOgbE&t
qQ3roIzOgbE&feature
qQ3roIzOgbE&feature
qQ3roIzOgbE&feature
CDfSvxsJdLM
bwykRTPJwoI
bwykRTPJwoI&pbjreload
bwykRTPJwoI
4NxJhvR_NiY
4NxJhvR_NiY
PkLqwMyV1ug&feature
kT883VnHe5Y
jXugX75Un6c
Mg8a9UMqSzY
o6h61Sld29Q
rOxUQcirr5I
FMWhB3hoF5E
bHcLWddBhf8
UwsQQ9GMc1k
m8pJ5VOu8JE
lmy1JLFa96c
arOouNijoUc
Qc-qWy_l9lw
s-jTd4FU_c0
N6nXMuDIuNY
tg8_xrcf7w0
_advQ60cUag
mmwransjQ_I
cU9mwBwfrVU
DfK1bHBZSE8
bvdPFMt8oeI
IDwuIxgbx_8
cM_2trzplgI
7Kjn2-zptZY
HBP1X-MBVhw
iLGV117NYAE
f5XC-KNMDcU
Iy2jRiCJo-s
yAEd2NkUics
Y0-fPd7mI7A
TKoTrl4EgNs
8BP81zTI9t4
4gucv07aV7s
DQDaRInwtjM
2gipAkAXvxM
UgECrVz1qB4
UStCKtwwfkA
2uAY8WvOUWE
t6aF9qot0v8
cBljRU5gsdM
gYIhxaAIz7E
eqXOssxGF_4
65LhtASSU4o
2rLS28DLKy8
AXO0qvU852k
lBzz-hhhhSo
OXsPObBWdws
QH5PmzJfXyg
fFcmKPmVLcM
ZR9bEpn7dOk
nBYOVqz89nE
1rRduaio6vE
-rtx_33hj8o
EBcK9lzJ7FM
_-v7g5hkSb0
5xDu0nNbhco
_7KSsraNnYE
FnpN9pDBtGQ
